id,Classic,Deal,Flex,Saver
73831,0.021616546,0.828152054,0.00311797,0.147113429
73832,0.028879782,0.297979953,0.005447975,0.66769229
73833,0.019603022,0.830300156,0.002893552,0.14720327
73834,0.044549415,0.027961123,0.864207467,0.063281995
73835,0.049427788,0.031652796,0.008383106,0.91053631
73836,0.017928118,0.830933127,0.002677611,0.148461144
73837,0.108647314,0.045472684,0.793913679,0.051966324
73838,0.425888786,0.03468192,0.477414085,0.062015209
73839,0.84247842,0.015596295,0.079013551,0.062911733
73840,0.621948248,0.017789621,0.022311061,0.33795107
73841,0.881461174,0.02015952,0.040674561,0.057704745
73842,0.013367788,0.035277361,0.900248956,0.051105895
73843,0.490620532,0.036844983,0.019170917,0.453363567
73844,0.809723889,0.017584159,0.112576935,0.060115018
73845,0.524668941,0.041423807,0.019560416,0.414346836
73846,0.030135414,0.225073812,0.006093394,0.738697379
73847,0.031537855,0.321977776,0.005512118,0.640972252
73848,0.805194865,0.018610757,0.126252303,0.049942075
73849,0.805194865,0.018610757,0.126252303,0.049942075
73850,0.84521865,0.027383173,0.044129892,0.083268286
73851,0.786029181,0.011300176,0.037540067,0.165130576
73852,0.807986063,0.018115419,0.128840037,0.045058481
73853,0.023409904,0.05006411,0.880217308,0.046308678
73854,0.704065094,0.043635877,0.027319617,0.224979412
73855,0.908738678,0.034892126,0.026947859,0.029421336
73856,0.016716318,0.70386194,0.003297048,0.276124694
73857,0.016328707,0.830925953,0.002511445,0.150233896
73858,0.018819507,0.838633716,0.002488619,0.140058159
73859,0.804007653,0.021351374,0.108612862,0.066028112
73860,0.838550856,0.014600922,0.024178655,0.122669566
73861,0.02339311,0.575225989,0.003894703,0.397486199
73862,0.154102203,0.53537192,0.011747515,0.298778361
73863,0.8153103,0.016050828,0.124581626,0.044057245
73864,0.582087669,0.068731345,0.127854843,0.221326143
73865,0.020936389,0.68918304,0.003478476,0.286402095
73866,0.013773117,0.038250705,0.896331264,0.051644914
73867,0.03518861,0.293213858,0.006155923,0.665441609
73868,0.05607892,0.137767194,0.00656707,0.799586817
73869,0.014400973,0.842704579,0.00272218,0.140172268
73870,0.085152319,0.368543428,0.007948815,0.538355438
73871,0.876716091,0.073634119,0.002863061,0.04678673
73872,0.036589479,0.041630941,0.007331135,0.914448445
73873,0.047378665,0.449178539,0.004932241,0.498510554
73874,0.029613118,0.44368456,0.004699192,0.52200313
73875,0.014897988,0.857720057,0.002232661,0.125149294
73876,0.834078023,0.020129196,0.077083119,0.068709662
73877,0.791837854,0.02563729,0.098148641,0.084376214
73878,0.839776088,0.021308918,0.102668104,0.036246891
73879,0.8153103,0.016050828,0.124581626,0.044057245
73880,0.016855818,0.042458735,0.883652886,0.05703256
73881,0.807986063,0.018115419,0.128840037,0.045058481
73882,0.046831374,0.589514034,0.004360663,0.359293929
73883,0.244645023,0.104485015,0.501467842,0.149402119
73884,0.121472985,0.192508736,0.011452954,0.674565325
73885,0.107855685,0.024939735,0.83566016,0.03154442
73886,0.009933701,0.933867059,0.002559593,0.053639647
73887,0.017580788,0.811534497,0.002751499,0.168133217
73888,0.017291176,0.749370573,0.003924829,0.229413422
73889,0.062550365,0.061530385,0.00604771,0.86987154
73890,0.020591878,0.838518415,0.002974678,0.137915029
73891,0.023417156,0.64366222,0.003634208,0.329286416
73892,0.020815308,0.561634103,0.00386486,0.413685728
73893,0.017905794,0.785936844,0.00282947,0.193327892
73894,0.112730713,0.046056933,0.785265093,0.055947262
73895,0.876462303,0.020417758,0.053927239,0.0491927
73896,0.8153103,0.016050828,0.124581626,0.044057245
73897,0.691849766,0.027240569,0.217506826,0.063402839
73898,0.01762406,0.050992125,0.886402886,0.044980929
73899,0.835459852,0.030539538,0.081157462,0.052843148
73900,0.649798548,0.030775397,0.252913121,0.066512934
73901,0.052770036,0.176012261,0.006098334,0.765119369
73902,0.095136288,0.046527166,0.807253033,0.051083512
73903,0.897387284,0.041886979,0.029770166,0.03095557
73904,0.035619227,0.084402071,0.007010755,0.872967948
73905,0.132661165,0.041707893,0.768877801,0.056753141
73906,0.043952487,0.041495436,0.00768132,0.906870757
73907,0.893868132,0.01212259,0.024302495,0.069706784
73908,0.112730713,0.046056933,0.785265093,0.055947262
73909,0.815668243,0.016405376,0.122732229,0.045194152
73910,0.276581369,0.017805565,0.011600286,0.69401278
73911,0.024376571,0.053905096,0.863908893,0.05780944
73912,0.082284661,0.081750688,0.739166807,0.096797843
73913,0.032608229,0.082682386,0.833223782,0.051485603
73914,0.889031766,0.024741531,0.056749886,0.029476817
73915,0.066224014,0.102057102,0.733502743,0.098216141
73916,0.01187916,0.917386976,0.002543311,0.068190552
73917,0.022476872,0.825125578,0.003202129,0.149195421
73918,0.07956637,0.084551729,0.007005141,0.82887676
73919,0.014126311,0.81042198,0.003138995,0.172312714
73920,0.014897988,0.857720057,0.002232661,0.125149294
73921,0.020609633,0.579067921,0.003778657,0.396543789
73922,0.113902321,0.05013002,0.007636424,0.828331235
73923,0.123793458,0.057081044,0.757227227,0.061898271
73924,0.020931199,0.16319083,0.004058767,0.811819204
73925,0.019755125,0.652513481,0.003676014,0.32405538
73926,0.155608537,0.056424827,0.008939597,0.779027039
73927,0.847124953,0.011434387,0.089632594,0.051808066
73928,0.04824096,0.364327867,0.005727599,0.581703574
73929,0.016889779,0.772634942,0.002637266,0.207838014
73930,0.626614094,0.038005153,0.008227487,0.327153266
73931,0.035999319,0.449130643,0.0044558,0.510414239
73932,0.021993502,0.84279177,0.003078413,0.132136316
73933,0.901699321,0.056460254,0.00332946,0.038510965
73934,0.888776071,0.03791896,0.02065739,0.052647579
73935,0.049134579,0.140932548,0.007466596,0.802466276
73936,0.820545837,0.023487352,0.093664335,0.062302476
73937,0.042953348,0.292721363,0.00535861,0.65896668
73938,0.021114924,0.604559646,0.003406078,0.370919352
73939,0.803595552,0.037716795,0.03659687,0.122090783
73940,0.058729365,0.035700443,0.007008341,0.898561851
73941,0.022181024,0.679725174,0.003145448,0.294948354
73942,0.019619997,0.810396157,0.002926941,0.167056905
73943,0.01805553,0.809361439,0.002646278,0.169936752
73944,0.020257236,0.842210039,0.002956958,0.134575767
73945,0.683120504,0.027526899,0.25580693,0.033545666
73946,0.888776071,0.03791896,0.02065739,0.052647579
73947,0.047328104,0.046185029,0.864305489,0.042181377
73948,0.889792778,0.032710029,0.047562617,0.029934576
73949,0.885047598,0.017634109,0.078327705,0.018990587
73950,0.194983228,0.041092707,0.009594218,0.754329847
73951,0.02259028,0.82523055,0.003232855,0.148946315
73952,0.478497687,0.039960883,0.017670211,0.463871219
73953,0.839585444,0.021162767,0.088564069,0.05068772
73954,0.829764956,0.019904062,0.097078758,0.053252224
73955,0.8153103,0.016050828,0.124581626,0.044057245
73956,0.048924073,0.053851123,0.854578039,0.042646765
73957,0.045593241,0.236836853,0.006459335,0.711110571
73958,0.735786288,0.043462831,0.135096438,0.085654443
73959,0.807986063,0.018115419,0.128840037,0.045058481
73960,0.037580872,0.04379511,0.882891027,0.035732991
73961,0.022181024,0.679725174,0.003145448,0.294948354
73962,0.02711667,0.447813239,0.004726723,0.520343368
73963,0.024856107,0.445442946,0.004317716,0.525383232
73964,0.243278337,0.051806781,0.649656469,0.055258413
73965,0.016849777,0.844414896,0.002369983,0.136365344
73966,0.258620294,0.05803984,0.628582693,0.054757173
73967,0.022651159,0.064285414,0.86998257,0.043080857
73968,0.919392139,0.008831236,0.032289392,0.039487232
73969,0.06107377,0.124234263,0.005044226,0.809647741
73970,0.287045233,0.095823841,0.012829696,0.604301231
73971,0.624759978,0.042627957,0.270699195,0.061912869
73972,0.286634176,0.045578026,0.009300911,0.658486887
73973,0.081147952,0.045855769,0.830320541,0.042675738
73974,0.041437552,0.640595797,0.003926937,0.314039714
73975,0.023409904,0.05006411,0.880217308,0.046308678
73976,0.735712585,0.061533403,0.049455435,0.153298577
73977,0.599730582,0.061964821,0.232138488,0.106166109
73978,0.122458263,0.067882914,0.738006652,0.071652172
73979,0.03254083,0.291415079,0.005756608,0.670287483
73980,0.640639811,0.076390258,0.174497854,0.108472078
73981,0.906090001,0.039998737,0.01400531,0.039905952
73982,0.735786288,0.043462831,0.135096438,0.085654443
73983,0.015868437,0.048862379,0.890033764,0.04523542
73984,0.045049504,0.049006778,0.849444525,0.056499193
73985,0.452417014,0.072135511,0.0042988,0.471148675
73986,0.157247949,0.028680446,0.771386848,0.042684757
73987,0.018192578,0.81657742,0.002748077,0.162481925
73988,0.015216696,0.038482192,0.899064691,0.047236421
73989,0.024313104,0.527083568,0.004334702,0.444268626
73990,0.8951104,0.043587074,0.038642921,0.022659605
73991,0.014319807,0.886073031,0.002513696,0.097093466
73992,0.041038917,0.024659172,0.007607507,0.926694404
73993,0.026205848,0.820349668,0.003593424,0.149851061
73994,0.11274205,0.055331931,0.01009399,0.82183203
73995,0.039879913,0.081820403,0.007822984,0.8704767
73996,0.047378665,0.449178539,0.004932241,0.498510554
73997,0.8975637,0.016127053,0.036516607,0.04979264
73998,0.035414886,0.091034645,0.004815201,0.868735269
73999,0.016219029,0.137916564,0.003815353,0.842049054
74000,0.068760019,0.050828754,0.007385269,0.873025958
74001,0.395396403,0.162753398,0.023903469,0.417946731
74002,0.465410807,0.042562115,0.43343314,0.058593938
74003,0.034386278,0.131316211,0.004248313,0.830049198
74004,0.192611407,0.047711978,0.711497941,0.048178674
74005,0.892056565,0.029479592,0.055340558,0.023123285
74006,0.052994064,0.016938611,0.006799831,0.923267494
74007,0.041214081,0.045534997,0.00570343,0.907547492
74008,0.017630502,0.649284771,0.003484029,0.329600697
74009,0.895041318,0.034640459,0.019392795,0.050925428
74010,0.015104362,0.864465394,0.002682912,0.117747332
74011,0.036618711,0.115189146,0.006823033,0.841369111
74012,0.014372758,0.901187991,0.002250194,0.082189058
74013,0.036970381,0.043752371,0.00724432,0.912032928
74014,0.018710517,0.838913106,0.002728558,0.139647819
74015,0.025233933,0.82623559,0.003493535,0.145036943
74016,0.020641035,0.311199036,0.004529265,0.663630664
74017,0.012093525,0.894396704,0.002048196,0.091461574
74018,0.320644404,0.281066315,0.014674137,0.383615145
74019,0.787945406,0.036744919,0.093134682,0.082174994
74020,0.015534088,0.83758635,0.002652771,0.144226791
74021,0.030318719,0.064938508,0.827780328,0.076962445
74022,0.016376075,0.846619578,0.002541258,0.134463089
74023,0.019743591,0.769984024,0.003438573,0.206833812
74024,0.027454629,0.799759773,0.00372603,0.169059568
74025,0.854721037,0.02758059,0.048967516,0.068730857
74026,0.023594713,0.827877158,0.003284956,0.145243173
74027,0.315209742,0.18185441,0.014762254,0.488173595
74028,0.020909052,0.727433126,0.003274203,0.248383619
74029,0.024373377,0.811018319,0.003412113,0.161196191
74030,0.018322313,0.778373113,0.002892887,0.200411687
74031,0.8153103,0.016050828,0.124581626,0.044057245
74032,0.015892404,0.86686631,0.002278126,0.114963161
74033,0.553823139,0.017867287,0.352310949,0.075998625
74034,0.046679484,0.095787059,0.004881396,0.852652061
74035,0.467156812,0.046140129,0.420970605,0.065732454
74036,0.735786288,0.043462831,0.135096438,0.085654443
74037,0.290686051,0.059010951,0.011273047,0.639029951
74038,0.569873609,0.052242408,0.016947968,0.360936015
74039,0.020490444,0.706386801,0.003348848,0.269773906
74040,0.046564795,0.054161809,0.007980279,0.891293118
74041,0.12074799,0.055312915,0.748163683,0.075775413
74042,0.031712804,0.324645001,0.005958866,0.63768333
74043,0.84247842,0.015596295,0.079013551,0.062911733
74044,0.021501818,0.619834802,0.003614676,0.355048705
74045,0.835920698,0.021255017,0.075559906,0.067264379
74046,0.085520189,0.348101682,0.008454261,0.557923868
74047,0.020196437,0.828854672,0.003000209,0.147948682
74048,0.829764956,0.019904062,0.097078758,0.053252224
74049,0.846865682,0.019232746,0.03020913,0.103692441
74050,0.470192009,0.061629291,0.00408474,0.464093959
74051,0.294641328,0.079442542,0.012677966,0.613238164
74052,0.042146412,0.673616559,0.003814661,0.280422368
74053,0.214460172,0.11170287,0.009367757,0.664469201
74054,0.034637023,0.066031398,0.811926812,0.087404767
74055,0.246087401,0.067604457,0.011439099,0.674869043
74056,0.018710517,0.838913106,0.002728558,0.139647819
74057,0.021523907,0.764406252,0.003242478,0.210827363
74058,0.028307262,0.422627172,0.004931867,0.5441337
74059,0.6231684,0.01687738,0.02142101,0.33853321
74060,0.70403788,0.008033557,0.182608059,0.105320503
74061,0.161253052,0.040447328,0.759635938,0.038663682
74062,0.021139049,0.067371232,0.860021416,0.051468304
74063,0.166984097,0.055344648,0.010373935,0.76729732
74064,0.043692359,0.062223551,0.845342476,0.048741613
74065,0.505501528,0.034703,0.401596006,0.058199466
74066,0.090846557,0.109740991,0.006222602,0.793189851
74067,0.016972985,0.830144422,0.002624164,0.150258429
74068,0.552580602,0.041265727,0.020557362,0.385596308
74069,0.568911303,0.039510521,0.022074014,0.369504161
74070,0.820545837,0.023487352,0.093664335,0.062302476
74071,0.018941386,0.762365398,0.002976472,0.215716744
74072,0.034637023,0.066031398,0.811926812,0.087404767
74073,0.034637023,0.066031398,0.811926812,0.087404767
74074,0.014791166,0.762863473,0.002819467,0.219525893
74075,0.013131754,0.857459562,0.002778856,0.126629829
74076,0.09706901,0.044266756,0.783497264,0.075166969
74077,0.816768922,0.023225657,0.101798786,0.058206635
74078,0.879816095,0.022220952,0.04028076,0.057682193
74079,0.01700237,0.812038852,0.00278326,0.168175518
74080,0.094438852,0.048020544,0.79604337,0.061497234
74081,0.067777677,0.04794105,0.825091767,0.059189506
74082,0.027063964,0.752086662,0.003031312,0.217818062
74083,0.568911303,0.039510521,0.022074014,0.369504161
74084,0.903628257,0.013981461,0.03310649,0.049283792
74085,0.104985251,0.053871242,0.770364727,0.070778779
74086,0.025597923,0.050229734,0.877544393,0.04662795
74087,0.863915684,0.02264553,0.051057618,0.062381168
74088,0.03263817,0.06297664,0.835813698,0.068571492
74089,0.549133695,0.042175259,0.357820086,0.05087096
74090,0.024313104,0.527083568,0.004334702,0.444268626
74091,0.893576512,0.034699754,0.05368807,0.018035663
74092,0.019310654,0.769799651,0.002893526,0.207996169
74093,0.018710517,0.838913106,0.002728558,0.139647819
74094,0.018710517,0.838913106,0.002728558,0.139647819
74095,0.022595583,0.82697436,0.003206539,0.147223518
74096,0.498554217,0.032995554,0.402381727,0.066068501
74097,0.018178647,0.702754663,0.00343295,0.275633741
74098,0.613666678,0.098163924,0.05873931,0.229430089
74099,0.259957952,0.049947061,0.643373877,0.04672111
74100,0.787945406,0.036744919,0.093134682,0.082174994
74101,0.046061554,0.093526229,0.007450143,0.852962074
74102,0.719650852,0.041850545,0.085290382,0.153208221
74103,0.013773117,0.038250705,0.896331264,0.051644914
74104,0.719650852,0.041850545,0.085290382,0.153208221
74105,0.013773117,0.038250705,0.896331264,0.051644914
74106,0.068854238,0.081284444,0.716586967,0.133274351
74107,0.900619343,0.025528161,0.017777431,0.056075065
74108,0.887492243,0.029075039,0.035958752,0.047473966
74109,0.015480424,0.847585822,0.003362991,0.133570763
74110,0.382120927,0.031686701,0.551982517,0.034209855
74111,0.898580376,0.054646886,0.01209364,0.034679098
74112,0.013111935,0.864272447,0.002276345,0.120339273
74113,0.026752404,0.01984625,0.005068726,0.94833262
74114,0.017291176,0.749370573,0.003924829,0.229413422
74115,0.018640091,0.812319853,0.002847753,0.166192303
74116,0.013469154,0.884097068,0.002226498,0.10020728
74117,0.041354682,0.218381498,0.006561739,0.733702082
74118,0.875420379,0.017862803,0.077866465,0.028850353
74119,0.02222915,0.680127957,0.003737277,0.293905616
74120,0.903628257,0.013981461,0.03310649,0.049283792
74121,0.60655449,0.026301751,0.294480569,0.072663191
74122,0.031627111,0.636274494,0.003542036,0.328556359
74123,0.021323261,0.665315097,0.003527283,0.309834359
74124,0.030135414,0.225073812,0.006093394,0.738697379
74125,0.021237473,0.764216236,0.003258504,0.211287787
74126,0.013992942,0.800070116,0.002968048,0.182968895
74127,0.825057111,0.010335858,0.027110433,0.137496598
74128,0.023110773,0.826490143,0.003279485,0.147119599
74129,0.020261696,0.610484833,0.003605916,0.365647555
74130,0.022249477,0.675166643,0.003652493,0.298931387
74131,0.019755125,0.652513481,0.003676014,0.32405538
74132,0.028185449,0.085956419,0.004409182,0.88144895
74133,0.036533838,0.442909881,0.004938126,0.515618154
74134,0.02437332,0.071591644,0.860160041,0.043874996
74135,0.718822547,0.021284707,0.026748527,0.233144219
74136,0.023409904,0.05006411,0.880217308,0.046308678
74137,0.018623206,0.856480643,0.002743917,0.122152234
74138,0.04559404,0.107345708,0.785509588,0.061550664
74139,0.020993795,0.756691893,0.003215498,0.219098813
74140,0.01396631,0.881853127,0.002486044,0.101694519
74141,0.015651062,0.858648816,0.002419693,0.123280429
74142,0.185294197,0.039434314,0.700598457,0.074673032
74143,0.04488368,0.104925488,0.007488444,0.842702388
74144,0.017381563,0.810597104,0.002725565,0.169295768
74145,0.014741945,0.758620265,0.002814361,0.22382343
74146,0.015339275,0.842982778,0.002429392,0.139248555
74147,0.838237419,0.034536306,0.052158839,0.075067436
74148,0.816768922,0.023225657,0.101798786,0.058206635
74149,0.8153103,0.016050828,0.124581626,0.044057245
74150,0.011959031,0.034512492,0.904778214,0.048750263
74151,0.059281448,0.651955887,0.004448209,0.284314456
74152,0.027001098,0.516076751,0.004509633,0.452412518
74153,0.04236823,0.050240272,0.00785329,0.899538208
74154,0.221213587,0.023742603,0.011033606,0.744010204
74155,0.041151038,0.016561117,0.918160176,0.024127669
74156,0.898580376,0.054646886,0.01209364,0.034679098
74157,0.021758936,0.831734186,0.017277979,0.129228899
74158,0.015912009,0.825307355,0.002606139,0.156174497
74159,0.013789453,0.898545779,0.002327495,0.085337272
74160,0.024550796,0.461895333,0.004611922,0.50894195
74161,0.048924073,0.053851123,0.854578039,0.042646765
74162,0.849853235,0.013372825,0.077583614,0.059190326
74163,0.042604956,0.229623527,0.006530343,0.721241175
74164,0.02961291,0.133562974,0.004135728,0.832688387
74165,0.807986063,0.018115419,0.128840037,0.045058481
74166,0.013773117,0.038250705,0.896331264,0.051644914
74167,0.820342866,0.025686712,0.091934571,0.062035851
74168,0.046076626,0.081552899,0.806069045,0.06630143
74169,0.024313104,0.527083568,0.004334702,0.444268626
74170,0.052770036,0.176012261,0.006098334,0.765119369
74171,0.018027167,0.84796375,0.002704455,0.131304628
74172,0.013969583,0.88209816,0.002909411,0.101022846
74173,0.242932909,0.025881557,0.696311176,0.034874359
74174,0.023316405,0.535436246,0.004508504,0.436738846
74175,0.360785697,0.059516365,0.549455304,0.030242634
74176,0.012210307,0.88150123,0.002158954,0.104129508
74177,0.03414813,0.254564547,0.006173295,0.705114028
74178,0.040773087,0.034312776,0.007946048,0.91696809
74179,0.757626058,0.026550209,0.156269473,0.059554261
74180,0.041224382,0.066788908,0.004657603,0.887329107
74181,0.889975426,0.021150451,0.039213555,0.049660568
74182,0.025711738,0.508548701,0.004439613,0.461299948
74183,0.063505316,0.065296223,0.811503687,0.059694774
74184,0.030999628,0.712665757,0.00315598,0.253178635
74185,0.030030914,0.498279035,0.004726609,0.466963441
74186,0.502610351,0.03489191,0.018701609,0.44379613
74187,0.371986207,0.059676979,0.014706647,0.553630166
74188,0.03758579,0.070177533,0.823358403,0.068878274
74189,0.038797889,0.052441799,0.007369769,0.901390543
74190,0.017113307,0.811172174,0.0026838,0.169030719
74191,0.019036544,0.792693418,0.00291494,0.185355098
74192,0.705789468,0.056973285,0.20134217,0.035895077
74193,0.455989588,0.140562325,0.357268687,0.046179399
74194,0.010652794,0.894730898,0.002388918,0.092227389
74195,0.014228503,0.893017731,0.002505803,0.090247963
74196,0.877349876,0.019619438,0.041563893,0.061466793
74197,0.038633251,0.544838011,0.004341846,0.412186893
74198,0.8153103,0.016050828,0.124581626,0.044057245
74199,0.021139049,0.067371232,0.860021416,0.051468304
74200,0.585651052,0.021946375,0.022350384,0.37005219
74201,0.016872191,0.821398894,0.002637866,0.159091049
74202,0.802774276,0.030618853,0.094207552,0.072399319
74203,0.641411276,0.025404623,0.026440288,0.306743813
74204,0.268070453,0.076188848,0.013756442,0.641984257
74205,0.610777061,0.042088634,0.023550411,0.323583894
74206,0.041711609,0.032881179,0.007728455,0.917678757
74207,0.054918088,0.200820323,0.006802978,0.737458611
74208,0.360785697,0.059516365,0.549455304,0.030242634
74209,0.862621673,0.028526379,0.04550304,0.063348907
74210,0.018710517,0.838913106,0.002728558,0.139647819
74211,0.12074799,0.055312915,0.748163683,0.075775413
74212,0.026856782,0.805881316,0.003660917,0.163600985
74213,0.047378665,0.449178539,0.004932241,0.498510554
74214,0.8153103,0.016050828,0.124581626,0.044057245
74215,0.022728173,0.120768414,0.004086359,0.852417055
74216,0.718822547,0.021284707,0.026748527,0.233144219
74217,0.360253729,0.043452705,0.525901234,0.070392331
74218,0.529843647,0.048148279,0.00407754,0.417930533
74219,0.869529482,0.022476625,0.051062261,0.056931631
74220,0.034637023,0.066031398,0.811926812,0.087404767
74221,0.042953348,0.292721363,0.00535861,0.65896668
74222,0.068854238,0.081284444,0.716586967,0.133274351
74223,0.035999319,0.449130643,0.0044558,0.510414239
74224,0.063505316,0.065296223,0.811503687,0.059694774
74225,0.071118716,0.081989547,0.772357803,0.074533933
74226,0.017564858,0.761424444,0.00332195,0.217688748
74227,0.79680842,0.028838736,0.119986635,0.054366208
74228,0.018849145,0.790571677,0.002937615,0.187641563
74229,0.016148278,0.83814706,0.002546589,0.143158073
74230,0.025886142,0.041272788,0.866498296,0.066342774
74231,0.03254083,0.291415079,0.005756608,0.670287483
74232,0.03254083,0.291415079,0.005756608,0.670287483
74233,0.502610351,0.03489191,0.018701609,0.44379613
74234,0.807986063,0.018115419,0.128840037,0.045058481
74235,0.01494157,0.042662882,0.90061053,0.041785018
74236,0.370424593,0.030498177,0.590173084,0.008904145
74237,0.802277398,0.043490606,0.041780559,0.112451438
74238,0.07657222,0.096887864,0.006938975,0.819600941
74239,0.781201295,0.034349997,0.057422517,0.127026191
74240,0.683120504,0.027526899,0.25580693,0.033545666
74241,0.017505767,0.836235301,0.002637329,0.143621603
74242,0.016181851,0.843735355,0.00240098,0.137681813
74243,0.017184836,0.813965775,0.002922101,0.165927288
74244,0.027580105,0.810346654,0.005007982,0.157065258
74245,0.014395465,0.774536079,0.002951174,0.208117282
74246,0.03414813,0.254564547,0.006173295,0.705114028
74247,0.030135414,0.225073812,0.006093394,0.738697379
74248,0.073802662,0.035861926,0.010289421,0.880045991
74249,0.015868437,0.048862379,0.890033764,0.04523542
74250,0.869529482,0.022476625,0.051062261,0.056931631
74251,0.021139049,0.067371232,0.860021416,0.051468304
74252,0.017617483,0.790254003,0.002829096,0.189299418
74253,0.641981486,0.037762808,0.267928719,0.052326987
74254,0.45923316,0.06653706,0.004844489,0.469385291
74255,0.016999835,0.863630122,0.003032263,0.11633778
74256,0.807986063,0.018115419,0.128840037,0.045058481
74257,0.041976385,0.079323403,0.803254191,0.07544602
74258,0.185527519,0.126677057,0.010400775,0.677394649
74259,0.351186863,0.050623906,0.558186541,0.040002689
74260,0.687487867,0.127587994,0.144453004,0.040471135
74261,0.89219436,0.026079797,0.032689667,0.049036176
74262,0.028854195,0.80352742,0.004237417,0.163380968
74263,0.031813389,0.241769127,0.005891449,0.720526035
74264,0.022449411,0.620085536,0.003906623,0.353558431
74265,0.073802662,0.035861926,0.010289421,0.880045991
74266,0.194983228,0.041092707,0.009594218,0.754329847
74267,0.085762356,0.167219846,0.009715367,0.73730243
74268,0.016916735,0.849006387,0.002397987,0.131678891
74269,0.837644655,0.01580991,0.025288569,0.121256867
74270,0.882272649,0.01944275,0.035890778,0.062393822
74271,0.01560522,0.853416393,0.002416764,0.128561622
74272,0.907082563,0.014825438,0.03485,0.043241999
74273,0.371986207,0.059676979,0.014706647,0.553630166
74274,0.822073657,0.022003539,0.087423713,0.068499091
74275,0.027597819,0.743394599,0.003080165,0.225927417
74276,0.022178105,0.160736171,0.003546703,0.813539022
74277,0.286634176,0.045578026,0.009300911,0.658486887
74278,0.81830543,0.036847818,0.054197209,0.090649543
74279,0.032577986,0.385777856,0.00560268,0.576041478
74280,0.03263817,0.06297664,0.835813698,0.068571492
74281,0.126330495,0.103177408,0.005890244,0.764601853
74282,0.020905583,0.638721159,0.003625411,0.336747848
74283,0.041214081,0.045534997,0.00570343,0.907547492
74284,0.743275254,0.006606258,0.025186906,0.224931581
74285,0.15677395,0.051967566,0.01216041,0.779098074
74286,0.369022338,0.05050697,0.530466768,0.050003924
74287,0.268046387,0.036372008,0.643372445,0.05220916
74288,0.022070784,0.056162462,0.864902054,0.056864701
74289,0.145635228,0.062798899,0.007789766,0.783776107
74290,0.014701776,0.886507631,0.002546139,0.096244455
74291,0.816768922,0.023225657,0.101798786,0.058206635
74292,0.921024783,0.00956984,0.045991855,0.023413522
74293,0.01822991,0.776909634,0.002886458,0.201973998
74294,0.756379131,0.016374609,0.026380359,0.200865901
74295,0.016149238,0.879604215,0.002515702,0.101730845
74296,0.015198776,0.909135446,0.00237806,0.073287718
74297,0.021067805,0.721404268,0.003710966,0.253816961
74298,0.02713121,0.147359855,0.004788738,0.820720198
74299,0.040261121,0.040693795,0.867741197,0.051303887
74300,0.820545837,0.023487352,0.093664335,0.062302476
74301,0.020377987,0.774122204,0.003079819,0.20241999
74302,0.015527831,0.901614659,0.002626117,0.080231394
74303,0.019619997,0.810396157,0.002926941,0.167056905
74304,0.714170473,0.046160069,0.030073353,0.209596105
74305,0.011582022,0.852019403,0.002393263,0.134005312
74306,0.087060281,0.035006204,0.007660051,0.870273464
74307,0.023208553,0.811784862,0.003307872,0.161698714
74308,0.016022042,0.879334169,0.00247086,0.10217293
74309,0.894747984,0.033241035,0.053121014,0.018889966
74310,0.028954946,0.039399145,0.005423182,0.926222727
74311,0.855709911,0.031787279,0.061625519,0.050877292
74312,0.020340124,0.852454047,0.002912218,0.124293611
74313,0.102957279,0.055465381,0.784178871,0.057398468
74314,0.84188288,0.016248682,0.080578762,0.061289676
74315,0.018394113,0.057807549,0.876357606,0.047440732
74316,0.914959766,0.008773247,0.03094404,0.045322947
74317,0.028063992,0.151943236,0.004570931,0.815421841
74318,0.294641328,0.079442542,0.012677966,0.613238164
74319,0.012173398,0.705682247,0.002713911,0.279430444
74320,0.058977204,0.067403961,0.798273503,0.075345333
74321,0.014041989,0.887854476,0.00236507,0.095738465
74322,0.826849189,0.008209614,0.027860153,0.137081043
74323,0.013131754,0.857459562,0.002778856,0.126629829
74324,0.020294053,0.839164976,0.002583575,0.137957397
74325,0.046564795,0.054161809,0.007980279,0.891293118
74326,0.02711667,0.447813239,0.004726723,0.520343368
74327,0.243278337,0.051806781,0.649656469,0.055258413
74328,0.181109452,0.322582449,0.010432127,0.485875972
74329,0.759692112,0.046060218,0.027288496,0.166959173
74330,0.8975637,0.016127053,0.036516607,0.04979264
74331,0.896392075,0.011573806,0.044103474,0.047930644
74332,0.015008463,0.857531949,0.002407249,0.125052339
74333,0.036426233,0.255181212,0.006083963,0.702308592
74334,0.780156303,0.024067648,0.125711219,0.070064829
74335,0.036118868,0.252862892,0.005155417,0.705862823
74336,0.139775213,0.061590839,0.009510754,0.789123194
74337,0.777165144,0.033473236,0.155941208,0.033420412
74338,0.417771646,0.174771745,0.021384764,0.386071846
74339,0.020094261,0.833237887,0.002945053,0.143722799
74340,0.022388124,0.831917693,0.003191012,0.142503172
74341,0.101021716,0.063784536,0.777394469,0.057799279
74342,0.198540142,0.125285048,0.016379796,0.659795014
74343,0.019713787,0.042294007,0.869821802,0.068170404
74344,0.112956874,0.059264456,0.007213365,0.820565304
74345,0.839518144,0.019260762,0.083853803,0.057367291
74346,0.807986063,0.018115419,0.128840037,0.045058481
74347,0.412016509,0.050696201,0.018178467,0.519108823
74348,0.04234808,0.071215676,0.824778723,0.061657521
74349,0.023409904,0.05006411,0.880217308,0.046308678
74350,0.013317772,0.906200579,0.002349733,0.078131916
74351,0.027081785,0.542002877,0.004515778,0.426399559
74352,0.891651193,0.026287207,0.027373834,0.054687765
74353,0.040771687,0.075498439,0.007473186,0.876256688
74354,0.088030776,0.086254986,0.008058042,0.817656196
74355,0.683120504,0.027526899,0.25580693,0.033545666
74356,0.025154324,0.58910127,0.004165897,0.381578508
74357,0.032034387,0.22360275,0.006465623,0.73789724
74358,0.346014115,0.038339196,0.013042679,0.602604011
74359,0.89219436,0.026079797,0.032689667,0.049036176
74360,0.016358192,0.846227359,0.002431543,0.134982906
74361,0.009072954,0.935145393,0.002304755,0.053476898
74362,0.019713787,0.042294007,0.869821802,0.068170404
74363,0.098079953,0.043039234,0.008400128,0.850480685
74364,0.024000754,0.065367037,0.004626282,0.906005927
74365,0.136632558,0.044033971,0.749001636,0.070331835
74366,0.015070031,0.865635149,0.002411877,0.116882943
74367,0.219050467,0.057655857,0.009466457,0.713827218
74368,0.822073657,0.022003539,0.087423713,0.068499091
74369,0.807986063,0.018115419,0.128840037,0.045058481
74370,0.600294786,0.074728222,0.218322079,0.106654914
74371,0.04559404,0.107345708,0.785509588,0.061550664
74372,0.034171962,0.064853407,0.831512291,0.06946234
74373,0.034637023,0.066031398,0.811926812,0.087404767
74374,0.046831374,0.589514034,0.004360663,0.359293929
74375,0.049268925,0.180942371,0.006057277,0.763731427
74376,0.613666678,0.098163924,0.05873931,0.229430089
74377,0.884098079,0.050579854,0.024406833,0.040915234
74378,0.365266311,0.057834954,0.012280555,0.56461818
74379,0.025656292,0.424614917,0.004967712,0.54476108
74380,0.04000276,0.037423505,0.005167114,0.917406621
74381,0.078747567,0.034092361,0.836528734,0.050631337
74382,0.018587284,0.815054199,0.002660104,0.163698413
74383,0.315334994,0.053457993,0.012792801,0.618414213
74384,0.847124953,0.011434387,0.089632594,0.051808066
74385,0.047378665,0.449178539,0.004932241,0.498510554
74386,0.023409904,0.05006411,0.880217308,0.046308678
74387,0.044354132,0.046076883,0.007720151,0.901848835
74388,0.175469222,0.050233764,0.712425019,0.061871995
74389,0.450359822,0.043364092,0.019853103,0.486422982
74390,0.175469222,0.050233764,0.712425019,0.061871995
74391,0.019672394,0.805748298,0.003176987,0.171402321
74392,0.016138409,0.047764875,0.884965706,0.05113101
74393,0.017716472,0.867927678,0.002809902,0.111545948
74394,0.060384482,0.180992914,0.006267504,0.752355099
74395,0.819025951,0.041898346,0.02665773,0.112417973
74396,0.017525676,0.845781233,0.002678041,0.134015051
74397,0.903954558,0.036894203,0.022199136,0.036952103
74398,0.86742859,0.027721942,0.045931096,0.058918372
74399,0.022430046,0.82348019,0.003293627,0.150796138
74400,0.010316398,0.888985516,0.002177016,0.09852107
74401,0.015868437,0.048862379,0.890033764,0.04523542
74402,0.15798873,0.073433924,0.008130528,0.760446818
74403,0.839585444,0.021162767,0.088564069,0.05068772
74404,0.040282163,0.114610679,0.007291793,0.837815364
74405,0.017300146,0.829483779,0.003002796,0.150213279
74406,0.01376956,0.88445475,0.002267876,0.099507814
74407,0.807986063,0.018115419,0.128840037,0.045058481
74408,0.079301987,0.126740818,0.005127599,0.788829597
74409,0.037580872,0.04379511,0.882891027,0.035732991
74410,0.016893089,0.058154471,0.891082089,0.033870351
74411,0.021030932,0.837019489,0.003025114,0.138924465
74412,0.024122151,0.653926734,0.003939295,0.318011819
74413,0.019063201,0.044473164,0.89198298,0.044480655
74414,0.063505316,0.065296223,0.811503687,0.059694774
74415,0.017925837,0.797213868,0.002807654,0.182052642
74416,0.037938161,0.024625139,0.007497119,0.929939581
74417,0.896283886,0.048691817,0.012395507,0.04262879
74418,0.737709876,0.078783798,0.123220001,0.060286324
74419,0.103057893,0.216593546,0.008705257,0.671643303
74420,0.122459465,0.059358243,0.010014659,0.808167634
74421,0.033615614,0.245916441,0.005993712,0.714474233
74422,0.018515624,0.766130746,0.003563575,0.211790054
74423,0.041149194,0.744129327,0.004996174,0.209725305
74424,0.024032502,0.826030917,0.005055893,0.144880689
74425,0.021980941,0.834726577,0.003149361,0.140143121
74426,0.777619335,0.039819355,0.039676132,0.142885178
74427,0.315334994,0.053457993,0.012792801,0.618414213
74428,0.876462303,0.020417758,0.053927239,0.0491927
74429,0.016238594,0.831111262,0.002701902,0.149948242
74430,0.119110284,0.151923209,0.008794144,0.720172362
74431,0.023409904,0.05006411,0.880217308,0.046308678
74432,0.017742752,0.76323005,0.003361844,0.215665354
74433,0.370424593,0.030498177,0.590173084,0.008904145
74434,0.063505316,0.065296223,0.811503687,0.059694774
74435,0.017113307,0.811172174,0.0026838,0.169030719
74436,0.821715306,0.025271074,0.128171527,0.024842094
74437,0.055668852,0.034476977,0.006596164,0.903258008
74438,0.018765973,0.845612537,0.002774392,0.132847097
74439,0.895041318,0.034640459,0.019392795,0.050925428
74440,0.013131754,0.857459562,0.002778856,0.126629829
74441,0.030464817,0.038293087,0.882195407,0.049046689
74442,0.045094029,0.069390519,0.007702519,0.877812933
74443,0.013845588,0.031993425,0.897184615,0.056976372
74444,0.340883849,0.03209866,0.577585312,0.049432179
74445,0.013367788,0.035277361,0.900248956,0.051105895
74446,0.022178105,0.160736171,0.003546703,0.813539022
74447,0.035240267,0.708012002,0.003408526,0.253339205
74448,0.046831374,0.589514034,0.004360663,0.359293929
74449,0.794456583,0.076280331,0.002631672,0.126631414
74450,0.116368834,0.119884521,0.008055182,0.755691462
74451,0.032128339,0.407108692,0.005626444,0.555136524
74452,0.014097954,0.874080564,0.002946398,0.108875085
74453,0.03075034,0.501234043,0.004759903,0.463255714
74454,0.199255417,0.022235149,0.010369717,0.768139717
74455,0.037299564,0.19349675,0.006813632,0.762390054
74456,0.017205078,0.025578132,0.911151668,0.046065123
74457,0.673052403,0.022923096,0.02460144,0.279423062
74458,0.210471819,0.039451944,0.006820338,0.743255898
74459,0.092334565,0.056257646,0.774273816,0.077133973
74460,0.018394113,0.057807549,0.876357606,0.047440732
74461,0.015790597,0.8383987,0.002521844,0.143288859
74462,0.034637023,0.066031398,0.811926812,0.087404767
74463,0.624759978,0.042627957,0.270699195,0.061912869
74464,0.192611407,0.047711978,0.711497941,0.048178674
74465,0.360253729,0.043452705,0.525901234,0.070392331
74466,0.027931462,0.27601299,0.005685593,0.690369955
74467,0.735786288,0.043462831,0.135096438,0.085654443
74468,0.055852849,0.261084536,0.006374786,0.676687829
74469,0.04559404,0.107345708,0.785509588,0.061550664
74470,0.145442031,0.027361531,0.818674316,0.008522123
74471,0.055348321,0.077913395,0.808466037,0.058272246
74472,0.041708684,0.071558991,0.811978852,0.074753473
74473,0.09577067,0.079054788,0.750572415,0.074602128
74474,0.041634224,0.052606948,0.007736781,0.898022048
74475,0.016660297,0.665282223,0.003264546,0.314792934
74476,0.258620294,0.05803984,0.628582693,0.054757173
74477,0.816768922,0.023225657,0.101798786,0.058206635
74478,0.145075801,0.071028638,0.007955261,0.7759403
74479,0.164714259,0.044463137,0.743895952,0.046926652
74480,0.914959766,0.008773247,0.03094404,0.045322947
74481,0.025488905,0.626272273,0.004564359,0.343674463
74482,0.780156303,0.024067648,0.125711219,0.070064829
74483,0.030135414,0.225073812,0.006093394,0.738697379
74484,0.367530734,0.149937723,0.02149903,0.461032512
74485,0.780156303,0.024067648,0.125711219,0.070064829
74486,0.019063201,0.044473164,0.89198298,0.044480655
74487,0.034989109,0.039074508,0.878990023,0.046946361
74488,0.807986063,0.018115419,0.128840037,0.045058481
74489,0.250938816,0.050851933,0.641054126,0.057155125
74490,0.758116727,0.049267924,0.036806936,0.155808413
74491,0.085176926,0.092499655,0.007149415,0.815174004
74492,0.021917146,0.048709527,0.863996204,0.065377123
74493,0.05526509,0.073009592,0.005920825,0.865804493
74494,0.79680842,0.028838736,0.119986635,0.054366208
74495,0.672625261,0.02854768,0.251704197,0.047122862
74496,0.01823551,0.794831466,0.002810677,0.184122348
74497,0.113138124,0.152701534,0.009597443,0.724562899
74498,0.030318719,0.064938508,0.827780328,0.076962445
74499,0.054466937,0.51037478,0.005099662,0.43005862
74500,0.502610351,0.03489191,0.018701609,0.44379613
74501,0.022428281,0.826965554,0.003202599,0.147403567
74502,0.010683449,0.940336761,0.001992612,0.046987178
74503,0.046831374,0.589514034,0.004360663,0.359293929
74504,0.041976385,0.079323403,0.803254191,0.07544602
74505,0.09577067,0.079054788,0.750572415,0.074602128
74506,0.016437736,0.724319168,0.003066655,0.256176441
74507,0.911965268,0.02473845,0.029783032,0.03351325
74508,0.79680842,0.028838736,0.119986635,0.054366208
74509,0.036398053,0.151913274,0.007628955,0.804059718
74510,0.023599302,0.823689952,0.003329637,0.149381109
74511,0.024615982,0.069312786,0.839598516,0.066472715
74512,0.016219029,0.137916564,0.003815353,0.842049054
74513,0.01905906,0.793184587,0.00325659,0.184499763
74514,0.081355918,0.087165139,0.00589968,0.825579264
74515,0.069041519,0.044393903,0.007776957,0.87878762
74516,0.869529482,0.022476625,0.051062261,0.056931631
74517,0.054289476,0.101547979,0.004708122,0.839454423
74518,0.712873956,0.036455107,0.130072278,0.120598658
74519,0.060220995,0.107209764,0.758075219,0.074494022
74520,0.044306055,0.073020335,0.805549821,0.077123789
74521,0.014400973,0.842704579,0.00272218,0.140172268
74522,0.851405238,0.032103467,0.044617973,0.071873323
74523,0.018016781,0.848665987,0.002427656,0.130889575
74524,0.136632558,0.044033971,0.749001636,0.070331835
74525,0.320089898,0.100161833,0.015334135,0.564414134
74526,0.025886142,0.041272788,0.866498296,0.066342774
74527,0.104628086,0.037476166,0.812176991,0.045718757
74528,0.896965318,0.014847929,0.033621464,0.054565289
74529,0.552580602,0.041265727,0.020557362,0.385596308
74530,0.021687104,0.045562436,0.881833779,0.050916681
74531,0.628453123,0.037199557,0.008334923,0.326012397
74532,0.023409904,0.05006411,0.880217308,0.046308678
74533,0.848486934,0.016499484,0.071620082,0.0633935
74534,0.294641328,0.079442542,0.012677966,0.613238164
74535,0.360253729,0.043452705,0.525901234,0.070392331
74536,0.148950536,0.048760572,0.72931167,0.072977221
74537,0.869529482,0.022476625,0.051062261,0.056931631
74538,0.891017807,0.02753972,0.031995306,0.049447167
74539,0.047378665,0.449178539,0.004932241,0.498510554
74540,0.015980596,0.764536971,0.002806282,0.216676151
74541,0.899006168,0.03296247,0.020397566,0.047633795
74542,0.02042135,0.063282804,0.005295255,0.91100059
74543,0.021357622,0.613081088,0.003672434,0.361888856
74544,0.013951457,0.888598182,0.002298517,0.095151845
74545,0.030942585,0.102522494,0.004274407,0.862260514
74546,0.013697982,0.040383566,0.89239037,0.053528081
74547,0.018283858,0.057011383,0.879326948,0.045377811
74548,0.013773117,0.038250705,0.896331264,0.051644914
74549,0.807986063,0.018115419,0.128840037,0.045058481
74550,0.837149109,0.030456998,0.076185437,0.056208455
74551,0.023409904,0.05006411,0.880217308,0.046308678
74552,0.148950536,0.048760572,0.72931167,0.072977221
74553,0.014609951,0.876750791,0.00326958,0.105369678
74554,0.864499807,0.053355497,0.009144043,0.073000653
74555,0.041541277,0.037670318,0.007772346,0.913016059
74556,0.454579931,0.021901932,0.504405539,0.019112598
74557,0.013131754,0.857459562,0.002778856,0.126629829
74558,0.019308814,0.843213761,0.002895556,0.134581869
74559,0.023227223,0.823365914,0.016752524,0.13665434
74560,0.285673057,0.028062296,0.012065879,0.674198769
74561,0.013327259,0.922651157,0.002144338,0.061877246
74562,0.90103871,0.00873998,0.060367512,0.029853798
